	nmr_aa_type	nmr_id
0	VAL	25
1	LEU	29
2	LEU	30
4	MET	31
6	LEU	35
7	ILE	39
8	LEU	40
19	LEU	51
20	LEU	55
23	ILE	75
30	MET	82
31	VAL	87
33	MET	88
34	LEU	119
35	ILE	126
50	LEU	146
54	VAL	162
57	LEU	175
70	MET	184
76	LEU	207
95	VAL	237
96	ILE	241
101	LEU	251
102	LEU	252
