	nmr_aa_type	nmr_id
153	THR	301
