	nmr_aa_type	nmr_id	pdb_aa_type	pdb_id
0	ALA	166	ALA	166
1	THR	171	THR	171
2	VAL	25	VAL	25
3	MET	31	MET	31
4	ALA	174	ALA	174
5	THR	178	THR	178
6	ALA	179	ALA	179
7	LEU	176	LEU	176
8	LEU	210	LEU	210
9	MET	82	MET	82
10	LEU	207	LEU	207
11	ILE	217	ILE	217
12	LEU	175	LEU	175
13	MET	184	MET	184
14	ALA	114	ALA	114
15	ALA	110	ALA	110
16	ALA	165	ALA	165
17	LEU	111	LEU	111
18	VAL	213	VAL	213
19	VAL	183	VAL	183
20	VAL	87	VAL	87
21	MET	88	MET	88
22	VAL	162	VAL	162
23	VAL	182	VAL	182
24	VAL	76	VAL	76
25	LEU	77	LEU	77
26	VAL	102	VAL	102
27	VAL	80	VAL	80
28	VAL	48	VAL	48
29	VAL	135	VAL	135
30	LEU	136	LEU	136
31	VAL	148	VAL	148
32	THR	152	THR	152
33	LEU	41	LEU	41
34	LEU	128	LEU	128
35	MET	56	MET	56
36	THR	38	THR	38
37	LEU	35	LEU	35
38	THR	131	THR	131
39	THR	49	THR	49
40	ILE	39	ILE	39
41	ILE	132	ILE	132
42	ILE	153	ILE	153
43	THR	157	THR	157
44	VAL	143	VAL	143
45	THR	144	THR	144
46	LEU	146	LEU	146
47	LEU	252	LEU	252
48	VAL	45	VAL	45
49	ALA	219	ALA	219
50	VAL	218	VAL	218
51	ILE	242	ILE	222
52	LEU	169	LEU	169
53	ILE	222	ILE	242
54	MET	243	MET	243
55	MET	228	MET	228
56	ALA	239	ALA	239
57	ALA	192	ALA	192
58	LEU	193	LEU	193
59	MET	68	MET	68
60	LEU	190	LEU	190
61	LEU	201	LEU	201
62	ILE	69	ILE	69
63	LEU	212	LEU	212
64	THR	208	THR	208
65	LEU	250	LEU	250
66	LEU	254	LEU	254
67	LEU	251	LEU	251
